time,x,y,z,phi,theta,psi,x_velocity,y_velocity,z_velocity,phi_velocity,theta_velocity,psi_velocity,rotor_speed1,rotor_speed2,rotor_speed3,rotor_speed4
0.06,-2.90205962197e-06,-8.06908227684e-08,10.0017786587,6.28302017005,0.00174349775968,0.0,-0.000207859696111,-9.97823074024e-06,0.0592867783388,-0.00892033114351,0.0585773538906,0.0,421.7256171946069,426.7546122423252,423.7076357885501,422.94024247822693
0.12000000000000001,-8.69897126685e-05,-8.59000204363e-06,10.0174904371,6.28212061897,0.00542938763517,0.0,-0.00312562336517,-0.00037308739661,0.464362522258,-0.0313159827834,0.0666009413384,0.0,524.4193278127082,524.9783177058491,525.8273722482032,524.273989523412
0.18,-0.000414938864134,-6.30932306706e-05,10.0503972936,6.28017699777,0.00972157065738,0.0,-0.0082717060965,-0.00165770333583,0.6324506902,-0.0346407818419,0.0799234119428,0.0,458.3580742411273,459.4191665702623,457.7454899358347,457.48050821571144
0.23999999999999996,-0.00121458160307,-0.000257891713728,10.0991498756,6.27877373164,0.0152378965379,0.0,-0.0191146839519,-0.00507047600437,0.992384745624,-0.00717186476759,0.108939760924,0.0,511.9009817722045,513.9669129820406,512.6233836044922,514.571252773715
0.3,-0.00271067325578,-0.000657520980835,10.1622556816,6.27815230166,0.021917478994,0.0,-0.0314459194143,-0.00830408997781,1.11102143553,-0.0176411296614,0.115713208537,0.0,443.2598252671379,443.82702641567136,444.514122118713,443.6555826660745
0.36000000000000004,-0.00505474133559,-0.00125859993124,10.2309375133,6.27717462914,0.0293855372599,0.0,-0.0473921727189,-0.0118302188509,1.17828760395,-0.0137290479738,0.137870416148,0.0,425.99276972941703,427.8974607510376,428.3068803173061,428.63950694093603
0.4200000000000001,-0.00858692533733,-0.00210569016869,10.3062441827,6.27630191958,0.0376273972102,0.0,-0.0712497245922,-0.0164980823227,1.3317376492,-0.0162294211716,0.136333644172,0.0,454.8819558635052,454.7758898008333,455.3736589035569,455.1737368369126
0.48000000000000015,-0.013739948545,-0.00325333934399,10.3908946259,6.27572508056,0.0462775802945,0.0,-0.101444469816,-0.0218382235891,1.48971106089,0.00111111995735,0.156452828581,0.0,454.9738058051831,456.60014311237563,457.2506263056348,458.6299427277669
0.5400000000000001,-0.0208573110239,-0.00472344753528,10.4840691416,6.27571899881,0.0554730497852,0.0,-0.136777484522,-0.0271604220445,1.61588465753,-0.00264405793007,0.145959054152,0.0,446.5907863175233,445.7561000388914,449.16288376013296,448.85826832855605
0.6000000000000002,-0.0302052266582,-0.00650242442587,10.5833308306,6.27587075064,0.0640069221882,0.0,-0.175666966882,-0.0321363595294,1.69267366489,0.011264301331,0.133489532,0.0,432.59195327086604,431.5601433164715,432.24055790769455,433.41096888038265
0.6600000000000003,-0.0420288082947,-0.0085703055783,10.6868023301,6.27731636547,0.0718179571904,0.0,-0.219211640741,-0.036681960065,1.75622494719,0.0419190960625,0.122590549115,0.0,428.78926724931904,427.8786046550758,427.42487654603144,430.02937580275267
0.7200000000000003,-0.0567055708839,-0.0108834030804,10.7952945452,6.27996101488,0.0795966883101,0.0,-0.27078129926,-0.0401552990469,1.85995486877,0.0480770439242,0.140937462969,0.0,441.3843542802591,442.9110505053351,441.0879151231556,441.5972440481784
0.7800000000000004,-0.0748096844109,-0.0133542142139,10.9120593905,6.28248318005,0.0879495758035,0.0,-0.333613135754,-0.0418950840487,2.03182848107,0.025835896263,0.135529898046,0.0,464.01710329338016,463.60951770465556,463.60136424605383,461.8514406496835
0.8400000000000004,-0.0966723196507,-0.0158763016505,11.0368796541,0.000357078167608,0.0959404522969,0.0,-0.395945577322,-0.0420319959617,2.12858393859,-0.00858270366944,0.128019453629,0.0,440.4583852105256,439.8533415671134,442.9900797551851,440.15089461592044
0.9000000000000005,-0.122353098529,-0.0183931085458,11.1666195509,6.28307080812,0.103625972012,0.0,-0.460816131773,-0.0419094810296,2.19586250072,-0.00645128311548,0.128236533776,0.0,432.5509524675406,432.58471643823793,431.33390572179377,431.5139759962211
0.9600000000000005,-0.152151308182,-0.0209116267381,11.3010726399,6.28245959748,0.111566532154,0.0,-0.533227693714,-0.0420898837618,2.28562741774,-0.0189623235906,0.139491228236,0.0,440.62206371575064,441.5676364293717,438.825957854433,437.78633857011994
1.0200000000000005,-0.186469626348,-0.0234561745625,11.440986772,6.28090926094,0.119928504248,0.0,-0.611541055016,-0.042857659132,2.37786685326,-0.0454250740568,0.139115259051,0.0,441.94575550624364,441.9329199383668,441.38122415245283,439.1916550265038
1.0800000000000005,-0.225905359208,-0.0260899968438,11.5884366871,6.27825584326,0.127979382147,0.0,-0.703854854072,-0.0452324741585,2.53664367388,-0.0419236040097,0.121838630126,0.0,462.9416857237288,461.5959766589122,462.49910723991604,462.77376608755736
1.1400000000000006,-0.270654835492,-0.0289077386817,11.7422929718,6.2751933177,0.135007740806,0.0,-0.788468471332,-0.04894257245,2.59165001058,-0.0840708420312,0.105536238941,0.0,431.0907513565459,429.72367749610436,433.06302907310476,429.50086277424987
1.2000000000000006,-0.321460094019,-0.0320716073551,11.9055965025,6.26979384764,0.141168497631,0.0,-0.90574552943,-0.0571631898361,2.85102128804,-0.105731306366,0.0962521065269,0.0,494.00060894176636,493.32352762888837,494.281834448659,492.67685240401323
1.2600000000000007,-0.378798842403,-0.035804571131,12.0798312306,6.26370844336,0.146573977446,0.0,-1.0060935563,-0.0679004089441,2.95639161439,-0.0939672631829,0.0734460907094,0.0,449.8273190073053,447.98319263068714,448.94052295457504,449.885186677887
1.3200000000000007,-0.442501531489,-0.0403379050245,12.2619364316,6.25804343271,0.151089649931,0.0,-1.11776872654,-0.0838230555484,3.11321859161,-0.0953308220882,0.0786626726348,0.0,465.7910366577301,466.2029714553106,465.80805065958145,465.69428690430635
1.3800000000000008,-0.512537641483,-0.0458724704778,12.450345704,6.2520521448,0.155639281338,0.0,-1.21719829688,-0.101210192168,3.16680140106,-0.110919420647,0.0694529825971,0.0,435.33322145714476,434.5665312063602,435.14089090627067,433.82491059000523
1.4400000000000008,-0.588549722111,-0.052552176645,12.6414472214,6.24540163551,0.159649402764,0.0,-1.3169147133,-0.122055053298,3.20300574559,-0.110687211641,0.0610087297965,0.0,429.4851836634976,428.7718503345705,430.21212200522757,430.2204637891257
1.5000000000000009,-0.670740896392,-0.060634418689,12.8354286113,6.23819458642,0.163683239024,0.0,-1.42315116784,-0.147989384884,3.26271415667,-0.15623533536,0.0774234991913,0.0,437.1990819127488,438.568035066783,439.76916965679777,435.9649549869145
1.560000000000001,-0.759574764975,-0.0704738029452,13.0340630832,6.22855642587,0.168057601781,0.0,-1.53840656572,-0.180930070191,3.3579494973,-0.171320076449,0.0618577430534,0.0,451.4372462370425,450.18340923461653,449.7326754398665,448.484660529186
1.620000000000001,-0.856226960971,-0.0827574080546,13.243135154,6.21768313855,0.1713905087,0.0,-1.68366125851,-0.22975492969,3.61008086071,-0.224817024311,0.0383182783088,0.0,498.73858468199245,497.0179285808289,499.933677417116,495.9893820585805
1.680000000000001,-0.961089955207,-0.0980294850364,13.463914105,6.20421170017,0.173457124543,0.0,-1.81195260803,-0.280724274,3.74851651435,-0.223945311094,0.0252792216918,0.0,467.282296260619,466.26510126428263,466.2681697970398,466.2888530407929
1.740000000000001,-1.07333202567,-0.116481721909,13.6908737438,6.19087116998,0.17473883946,0.0,-1.92957567263,-0.335622437084,3.81634053122,-0.219319998401,0.0120752442656,0.0,446.0334809589922,444.95374794383537,446.3020917211697,446.6307218530543
1.8000000000000012,-1.19286295985,-0.138595918537,13.9229975061,6.17765384833,0.175532007766,0.0,-2.05483460936,-0.402823336311,3.92049695875,-0.222296188379,0.0154149313531,0.0,458.15882884011637,458.4241773854621,458.70819430691625,458.4253445539185
1.8600000000000012,-1.32033864053,-0.165260047597,14.1635855358,6.16479708379,0.176046518584,0.0,-2.19436067422,-0.487375964496,4.09814515918,-0.201778821641,-0.010856578547,0.0,483.07645811160376,481.09114825409756,481.28103543240206,482.7897117626394
1.9200000000000013,-1.45549634356,-0.196810102683,14.4108516743,6.15243140209,0.175350404286,0.0,-2.31084495173,-0.565405885311,4.14363810286,-0.216520118176,-0.0131358339799,0.0,443.3540669364391,443.16686293773574,443.677004649225,442.4227095235959
1.9800000000000013,-1.59772760089,-0.233344207081,14.6612948923,6.13945369953,0.174356594004,0.0,-2.43011682706,-0.653598872832,4.2039518296,-0.215849460483,-0.0244933609424,0.0,448.6874739094744,447.7644364641764,449.4842143430906,449.49292209556495
2.0400000000000014,-1.74716445069,-0.275469592887,14.9156425473,6.12662920726,0.173060865541,0.0,-2.55097825567,-0.751779765943,4.27372504287,-0.209834466087,-0.0163525184386,0.0,452.4709015559856,453.12588375295184,452.95401052030564,453.3933968082506
2.1000000000000014,-1.90344406781,-0.323375927393,15.1718775311,6.11365135027,0.172275232026,0.0,-2.65832380609,-0.846180260125,4.26715673323,-0.23410125081,-0.00726499675594,0.0,429.20283450464717,429.97361321528723,430.2353767791261,428.12659176916924
2.1600000000000015,-2.06644049172,-0.377445214949,15.4292240975,6.1003835658,0.171629271753,0.0,-2.77486168318,-0.957343475397,4.31050256685,-0.203189016948,-0.0188951487931,0.0,447.455808280836,446.50800764084204,444.793564173788,447.26889354645385
2.2200000000000015,-2.23684757017,-0.438873084482,15.6914898494,6.08819714327,0.170759343411,0.0,-2.90523588951,-1.09140897265,4.43077492145,-0.202943873813,-0.00690452693157,0.0,470.70283834180196,471.6300696681541,472.62521241074853,472.6063357971215
2.2800000000000016,-2.41467891026,-0.508149228162,15.9586418119,6.07613132113,0.171214885365,0.0,-3.0225061523,-1.21885529858,4.47366540393,-0.197643486663,0.0270048959199,0.0,447.60096579545956,450.3524893363,449.901061019001,450.2909832928477
2.3400000000000016,-2.59978363281,-0.585545203177,16.2294701057,6.06403058992,0.173211913703,0.0,-3.14781608739,-1.3620670052,4.55305794372,-0.211284761196,0.0435565186701,0.0,461.86580697526466,463.16992197657123,463.20336390748037,462.09082993768425
2.4000000000000017,-2.79258098785,-0.671920106801,16.5056252276,6.05108131519,0.17551282245,0.0,-3.27897718927,-1.51823098858,4.65103873296,-0.226909563681,0.0250951104162,0.0,470.59530469062565,469.16451271725913,471.4147016713442,470.1621227346325
2.4600000000000017,-2.99272819297,-0.767172792119,16.7843985068,6.03766494015,0.176756388741,0.0,-3.39277086129,-1.65796239176,4.64084945548,-0.217715695076,0.0101202346705,0.0,438.01777921489224,436.7704355268946,437.8721104181601,438.5859860770218
2.520000000000002,-3.19974383615,-0.871043827923,17.0625055508,6.02452111851,0.177235874587,0.0,-3.50785822999,-1.80547244185,4.62882873744,-0.22190042869,0.00335197570515,0.0,439.3185536340754,438.7567848280977,438.04229082794046,437.6457810202137
2.580000000000002,-3.41399416479,-0.984428264531,17.3414453735,6.01117099724,0.177801296994,0.0,-3.63387200368,-1.97512325146,4.6682845676,-0.223730819405,0.0194167257997,0.0,456.36447632756045,457.6450667110588,456.42292853083205,456.22913631889605
2.640000000000002,-3.63637780679,-1.1090536084,17.6255453995,5.99810927472,0.178831518662,0.0,-3.77895663527,-2.18018847928,4.80024354498,-0.207767682634,0.0122498438422,0.0,488.0296580875771,487.49423902724857,486.85260828237995,488.0031693833986
2.700000000000002,-3.86739424661,-1.2460822182,17.9168546181,5.98556028719,0.179668294038,0.0,-3.92161124888,-2.38845659177,4.90867164783,-0.212062677342,0.0171397428862,0.0,482.8113085207127,483.18002947351414,484.03390893737725,483.671333472911
2.760000000000002,-4.10565672312,-1.39366894723,18.2074491168,5.97253972795,0.181464796172,0.0,-4.02073867373,-2.53206816645,4.77772141462,-0.229380376407,0.0477395490262,0.0,405.275747795293,408.01782991351996,406.67536079325197,405.0688364877715
2.820000000000002,-4.3510144989,-1.55188978982,18.4957753439,5.95913307927,0.184275213841,0.0,-4.15809560984,-2.74300858226,4.83184454894,-0.213652911165,0.0449788636437,0.0,469.1763935771569,468.96314664359846,470.3184962984131,471.48857188629756
2.880000000000002,-4.60437744117,-1.72248418723,18.7856452981,5.9467073285,0.186954522333,0.0,-4.28759401383,-2.94440832041,4.82948440249,-0.196464037162,0.0439999090097,0.0,454.3945483986564,454.31713906547594,453.8224310036623,455.1588812952288
2.940000000000002,-4.8665804798,-1.90712787358,19.0802355968,5.93571229425,0.189385622489,0.0,-4.45263380159,-3.21114428857,4.98816747488,-0.165069631462,0.0324444055298,0.0,507.9209698410864,507.0920333343149,505.99224586018045,508.218836879326
3.000000000000002,-5.13789958192,-2.10647709967,19.3799951297,5.92628051612,0.190820468031,0.0,-4.59149922158,-3.43448501058,5.00270019994,-0.144868182556,-0.00454840833964,0.0,467.43693843772115,464.5446021475107,466.049804338651,467.6039974712195
3.0600000000000023,-5.41703996182,-2.31838985402,19.6778349543,5.91778001956,0.190573142705,0.0,-4.71328578362,-3.62994210155,4.92481982616,-0.135957150828,-0.00328275109199,0.0,437.71330770596114,437.81872839624907,437.03124136490067,437.75444512608897
3.1200000000000023,-5.70405265536,-2.54317224349,19.9735322194,5.90987131254,0.190655486055,0.0,-4.85382280928,-3.86333896355,4.93071936132,-0.12460345776,0.00935284145828,0.0,467.40000373439375,468.38393326831516,465.82755095338075,466.69959445417305
3.1800000000000024,-5.99893707568,-2.7809835711,20.2666308125,5.90270689673,0.191312651997,0.0,-4.97584140028,-4.06429020364,4.8387799122,-0.110646314835,0.0139745960549,0.0,435.67528501318907,436.06152092815086,435.82337516446694,436.975437002427
3.2400000000000024,-6.30243903507,-3.03338324967,20.5601413057,5.89609231903,0.192283411517,0.0,-5.14087468367,-4.34928039573,4.94314706731,-0.109448907247,0.0202594522428,0.0,501.3709822063162,501.82737142743764,501.869964731983,501.9476704753796
3.3000000000000025,-6.61515081137,-3.30158792749,20.8562729709,5.88931888702,0.193294426628,0.0,-5.28298312695,-4.59128986873,4.92686331534,-0.120850070949,0.00897015383838,0.0,467.9174332706026,467.03742966719153,466.9631242712192,466.06190397945653
3.3600000000000025,-6.93571338038,-3.58302750496,21.1479207767,5.88211127131,0.193653281146,0.0,-5.40266038341,-4.79067442948,4.79441875783,-0.118719850423,-0.000792017348071,0.0,430.2877145059221,429.4601470078986,428.401574828556,428.56912827801244
3.4200000000000026,-7.26404762613,-3.87765439185,21.4341262949,5.87469240984,0.194005200228,0.0,-5.54191360075,-5.03073982693,4.74485157744,-0.135972026417,0.0166464242714,0.0,458.46797283775464,459.85173429559893,459.5640680622364,458.18060357971115
3.4800000000000026,-7.60040198716,-4.18606311228,21.7154836436,5.86668371923,0.195521879459,0.0,-5.67014330426,-5.25019961602,4.63310084752,-0.128911118665,0.0385436301752,0.0,438.572469274873,440.38809482046025,439.5161098753132,440.0844560466633
3.5400000000000027,-7.94471932129,-4.5082056705,21.9909903559,5.85868460373,0.197802541128,0.0,-5.80737627114,-5.48845179424,4.54954121832,-0.144026383744,0.036924232736,0.0,451.0076153360002,450.87743363756016,451.9569079942837,450.7203791124419
3.6000000000000028,-8.29707794143,-4.84425091642,22.2601689677,5.85084163735,0.200351518463,0.0,-5.93823366516,-5.7137104488,4.42238719352,-0.112435310324,0.0517627760065,0.0,437.54471234881885,438.7796844262594,436.3905377621708,439.00368172538793
3.660000000000003,-8.65739261248,-5.19400921948,22.5217355947,5.84425490316,0.203126796141,0.0,-6.07261654184,-5.94546212148,4.29578847092,-0.104938833086,0.0319816317295,0.0,440.5287429804459,438.8907471117025,439.5740143626456,440.1841804103468
3.720000000000003,-9.02537761949,-5.55683413974,22.7735415711,5.83851790274,0.205146816101,0.0,-6.19394272268,-6.14941241168,4.09755352318,-0.0815450428282,0.0368403301125,0.0,413.93733492937105,414.3653701797688,414.5961286723235,416.63833860549005
3.780000000000003,-9.40089251689,-5.93238646344,23.0141470199,5.83344676707,0.207288219348,0.0,-6.32360401634,-6.36961909405,3.92225802365,-0.0912467580893,0.0332846847039,0.0,423.829610338102,423.5244311868371,424.92818829631136,424.0891503839607
3.840000000000003,-9.7855537486,-6.32394615112,23.2496652332,5.82745230832,0.209295976191,0.0,-6.49858982355,-6.68259716046,3.92662296675,-0.129233337165,0.0338160500165,0.0,487.96457039385444,488.0045793950951,489.46036088247524,486.61587699349326
3.900000000000003,-10.1804036301,-6.73363452646,23.4836469402,5.82016746511,0.211536268682,0.0,-6.66328585376,-6.97414290323,3.87124993311,-0.109149985422,0.0435856373325,0.0,472.01706372011586,472.77117951729895,471.0625795138903,472.60085712173327
3.960000000000003,-10.5845559831,-7.15960166194,23.7113992373,5.81356755747,0.214525498923,0.0,-6.80883237077,-7.22538590705,3.71962698315,-0.111750215749,0.0600323482394,0.0,441.4379373193546,442.7949830369415,441.49705250234763,441.2716056855335
4.020000000000002,-10.997107688,-7.59991357358,23.9281903037,5.80686974648,0.217880676989,0.0,-6.94336398031,-7.45245195897,3.50621894814,-0.111391407634,0.0460744318862,0.0,421.1480963915699,419.9409251548827,421.1776654612395,421.1969097710494
4.080000000000001,-11.4181151858,-8.05460977321,24.1332314489,5.80021844693,0.220377477322,0.0,-7.09061260016,-7.70479473922,3.32765800809,-0.109804106533,0.0307324794546,0.0,435.7044103277082,434.4203634701629,435.78747348993255,435.9090391214929
4.14,-11.8490769796,-8.52675308178,24.3314998523,5.79343434788,0.222949864268,0.0,-7.274971223,-8.03367639043,3.27939857885,-0.120553036776,0.0600074342336,0.0,483.2261721616771,485.4293788352693,483.5293298998601,482.7083131432239
4.199999999999998,-12.2902326363,-9.01680750704,24.5229360729,5.78655868893,0.226386157175,0.0,-7.43063770358,-8.30216525871,3.10072377718,-0.104764127592,0.0511481760382,0.0,442.2491221868242,441.52081197080673,441.9083490458014,443.1964460845165
4.259999999999997,-12.7405387498,-9.52254568094,24.7023924111,5.78076706648,0.229297565814,0.0,-7.58002844792,-8.5565833311,2.88038855453,-0.083745368485,0.0426781503292,0.0,429.5378569598591,428.8202182925747,428.2875320095135,430.06358666816124
4.319999999999996,-13.2003507308,-10.0446390882,24.8701568817,5.77546187904,0.231435009993,0.0,-7.74741085223,-8.84718379743,2.71059569863,-0.0999490720587,0.0152508139275,0.0,451.68131594766203,449.4636652045576,450.235094408753,448.91519396103
4.379999999999995,-13.6691726617,-10.5820301173,25.0234122496,5.77003187922,0.232282720631,0.0,-7.88053844458,-9.06703551184,2.39780351311,-0.076281405307,0.0117838259607,0.0,396.2188579975266,395.89976962720993,397.1805306629461,399.3379333000657
4.439999999999993,-14.1471008139,-11.1349431413,25.1615772304,5.76525640116,0.232882561171,0.0,-8.05073722933,-9.36419564897,2.20663203987,-0.0872000678821,0.0061608719237,0.0,446.04511279175523,445.58538855390645,445.63588977487007,444.7370469720964
4.499999999999992,-14.6352451282,-11.7057189272,25.2878195379,5.76086607172,0.232912233923,0.0,-8.22108755546,-9.6625459418,2.0004132333,-0.0542027466741,-0.0143420566933,0.0,443.8804444857837,442.19409256430583,440.82533680860604,443.5399073403392
4.559999999999991,-15.1328337174,-12.2927945994,25.3983961343,5.75735019066,0.231653131104,0.0,-8.36575560914,-9.90797115253,1.68533510522,-0.0692780040602,-0.0395749183175,0.0,403.47825985428466,401.1926335183452,402.47470047507136,401.1045121838843
4.6199999999999894,-15.6403864016,-12.8973772664,25.4943471632,5.75379078718,0.22926609561,0.0,-8.55285486259,-10.2456853739,1.51178465753,-0.0445267562308,-0.0402051396198,0.0,458.25577785224175,458.2049121565701,456.09753868503657,458.06814018627705
4.679999999999988,-16.1594623973,-13.5229629753,25.5805850131,5.75113691891,0.22737029782,0.0,-8.74985001154,-10.6079914792,1.36137073132,-0.0436465313597,-0.0183594159298,0.0,467.8170738176018,469.5151837105919,469.3074245239057,469.3747696044387
4.739999999999987,-16.6896622373,-14.1688364501,25.6547524495,5.74890707881,0.226172921626,0.0,-8.92392656062,-10.9223411349,1.1100490823,-0.0266181152608,-0.023357901929,0.0,435.60397255441046,435.1856440062011,434.37448202962673,435.79993381674046
4.799999999999986,-17.2297982718,-14.8324896907,25.7114241668,5.74836686067,0.224990214059,0.0,-9.08126233634,-11.2010402695,0.77879795238,0.0130870405977,-0.0132684745625,0.0,405.3804772848889,406.2864349151664,403.24368670991515,406.8160360070075
4.859999999999984,-17.7806875333,-15.5158151274,25.752605167,5.74889977507,0.224251698667,0.0,-9.28212207191,-11.5775111134,0.592653118352,-0.0012388448517,-0.0104548152714,0.0,462.659627720992,462.8813059958595,462.0766115427169,460.9453943863721
4.919999999999983,-18.3440547224,-16.2227097353,25.7836461712,5.74824879335,0.223665902008,0.0,-9.49712626686,-11.9865989127,0.440346483538,-0.0493939027449,-0.00841486327538,0.0,477.53163002224534,477.6873966017312,479.05163046743564,475.374584792746
4.979999999999982,-18.9197375996,-16.9528880637,25.8027118582,5.74650134644,0.223619849348,0.0,-9.6928136006,-12.354076987,0.193812036674,-0.00500824108166,0.011291693416,0.0,446.8914017393906,448.49543989463467,445.96748012745144,449.57895394013656
5.0399999999999805,-19.5076179781,-17.7061780535,25.8080167395,5.74595643596,0.224145540398,0.0,-9.90372645405,-12.7568893185,-0.0186181105119,-0.0188185200936,0.00314844622282,0.0,463.43923078647776,462.7983797714373,464.6769408612339,463.59280525695175
